#BestPar: RMS = 1.048462e+00
5.644021e+00
8.936738e-08
6.556899e-05
0.000000e+00
9.338948e+00
1.000000e-02
1.818836e+00
0.000000e+00
0.000000e+00
1.455119e-05
1.935001e-08
0.000000e+00
0.000000e+00
4.259297e+00
1.000000e-02
3.764441e+00
0.000000e+00
0.000000e+00
0.000000e+00
0.000000e+00
0.000000e+00
1.984014e-05
1.000000e-04
0.000000e+00
0.000000e+00
5.381512e+00
1.000000e-02
2.174085e+00
0.000000e+00
0.000000e+00
0.000000e+00
0.000000e+00
0.000000e+00
1.611815e-05
1.000000e+00
2.113984e-01
6.765785e-04
0.000000e+00
0.000000e+00
