#BestPar: RMS = 1.082269e+00
5.780880e+00
1.004544e-08
1.000000e+01
0.000000e+00
9.905251e-01
1.000000e-02
1.868894e+00
2.715426e-06
4.000000e+00
5.742739e-06
1.016600e+00
0.000000e+00
1.000000e-06
1.000000e-02
1.000000e-02
1.348379e+00
1.007973e-06
4.000000e+00
4.425226e-01
3.142987e+03
1.000000e-02
1.000000e-05
9.979573e+00
0.000000e+00
7.078831e-06
8.064204e-01
1.000000e-02
2.346833e+00
9.212190e-06
4.000000e+00
3.209437e+00
7.704368e+03
2.474528e-01
2.960920e-05
9.714533e-01
3.670095e-01
9.428479e-04
1.000000e-08
3.103588e-07
