#BestPar: RMS = 1.081563e+00
5.945975e+00
7.251551e-07
0.000000e+00
0.000000e+00
7.023197e+00
1.000000e-02
2.371068e+00
0.000000e+00
0.000000e+00
1.625488e-05
0.000000e+00
0.000000e+00
0.000000e+00
5.609623e+00
1.000000e-02
4.823887e+00
0.000000e+00
0.000000e+00
9.327819e-01
1.000000e+05
9.962713e-01
3.646889e-06
0.000000e+00
0.000000e+00
0.000000e+00
9.133912e+00
1.000000e-02
4.804927e+00
0.000000e+00
0.000000e+00
8.878485e-01
3.108450e+03
5.389280e-01
6.807355e-05
9.050698e-01
4.262725e-01
9.352742e-04
1.539192e-07
1.000000e-08
